<svg width="123" height="105" viewBox="0 0 123 105" fill="none" xmlns="http://www.w3.org/2000/svg">
<path d="M88.4186 86.2896C88.587 86.1638 88.587 86.1429 88.4186 86.2896V86.2896Z" fill="#1D2F4C"/>
<path d="M38.8689 54.3977C39.0531 52.3813 37.3589 49.1183 36.6407 47.0652C35.1428 42.5044 32.0132 38.6508 27.847 36.2375C23.6808 33.8242 18.7688 33.0195 14.0455 33.9766C5.61137 35.6264 -3.13579 46.4236 3.12532 54.5811C4.62928 56.6679 6.65249 58.3295 8.99635 59.4029C11.3402 60.4763 13.9242 60.9246 16.4947 60.7038C18.8635 60.7136 21.2308 60.5851 23.5844 60.3188C26.715 59.8422 32.9209 59.3656 35.0754 57.1108L38.8689 54.3977Z" fill="#7FBECA"/>
<path d="M47.3573 58.1886C49.9538 57.657 53.3974 54.3757 55.6809 52.6892C60.8178 49.156 64.4742 43.8698 65.9574 37.8323C67.4406 31.7947 66.6474 25.4253 63.7282 19.931C58.572 10.087 41.8512 3.2311 33.9695 13.9916C31.9145 16.6142 30.5808 19.7241 30.0997 23.0155C29.6186 26.3069 30.0067 29.6662 31.2257 32.763C32.0795 35.6987 33.1064 38.5817 34.301 41.3971C36.1425 45.0634 38.9416 52.5976 42.5509 54.449L47.3573 58.1886Z" fill="#ADD3DB"/>
<path d="M13.0851 87.3384C18.6096 98.5573 28.9957 103.708 40.2657 104.717C48 105.314 55.7742 104.284 63.0819 101.692L64.5919 101.142C66.8333 100.298 68.991 99.2487 71.0372 98.0073C74.2536 96.085 77.0571 93.5496 79.2871 90.5464C80.0091 89.5381 80.6554 88.4781 81.2207 87.3751C82.2583 85.303 82.9902 83.0927 83.3937 80.8125C84.8485 72.6733 82.252 63.2693 74.4992 59.1631C68.6801 56.0834 63.6712 53.2054 56.9497 52.5455H56.6366C55.3292 52.4171 53.9849 52.3255 52.6038 52.2888C49.1355 52.1543 45.6619 52.3014 42.2177 52.7288C38.451 53.177 34.7456 54.0377 31.1687 55.2952C25.6854 57.1336 20.8429 60.4914 17.2101 64.9741C16.3274 66.1243 15.5508 67.3513 14.8897 68.6404C11.7776 74.4148 9.93611 81.1241 13.0851 87.3384Z" fill="#F8C12A"/>
<path d="M58.0099 93.6458C61.829 96.2385 66.2853 97.7468 70.9005 98.0087C74.1168 96.0864 76.9204 93.5509 79.1504 90.5478C79.9167 89.5436 80.6061 88.4835 81.2129 87.3765C77.1063 88.1831 72.0054 86.8265 68.3224 85.3784C64.1753 83.7094 60.4435 81.1604 57.3872 77.9089C54.3309 74.6575 52.0234 70.7819 50.6255 66.552C49.8284 64.188 49.5799 61.6748 49.8989 59.2014C50.2179 56.728 51.0959 54.3588 52.467 52.2719C48.9987 52.1373 45.5252 52.2844 42.0809 52.7118C41.4433 54.095 40.9913 55.5557 40.7366 57.0563C38.4532 71.2632 46.3532 85.7817 58.0099 93.6458Z" fill="#1D2F4C"/>
<path d="M30.8387 96.1567C33.5125 99.4571 36.6654 102.342 40.1935 104.718C47.9279 105.315 55.702 104.285 63.0098 101.693C59.8684 100.452 56.8377 98.9492 53.9496 97.2016C45.1288 91.9955 36.8236 85.1946 32.9933 75.4239C30.4888 68.9896 29.1445 61.7121 31.1517 55.2594C25.6685 57.0978 20.826 60.4556 17.1931 64.9384C16.6591 76.1755 24.1356 88.0543 30.8387 96.1567Z" fill="#1D2F4C"/>
<path d="M58.7044 72.4916C63.5107 79.4941 73.6574 84.5903 82.2757 84.7553C82.744 83.4756 83.0953 82.1565 83.3253 80.814C84.7801 72.6749 82.1836 63.2709 74.4308 59.1646C68.6117 56.085 63.6028 53.2069 56.8813 52.547H56.5683C55.509 55.1599 54.9349 57.9425 54.8741 60.7595C54.9516 64.9621 56.2851 69.0465 58.7044 72.4916Z" fill="#FAA22B"/>
<path d="M90.6685 79.7144C92.6061 79.4475 94.5005 78.9298 96.3035 78.1745C100.781 76.3795 104.851 73.7067 108.271 70.3152C111.69 66.9236 114.39 62.8824 116.21 58.4316C128.29 26.0767 85.0703 10.2017 62.1067 27.9832C50.2106 37.1489 46.1225 48.496 54.7407 61.6396C61.6279 72.0335 77.1518 81.5842 90.6685 79.7144Z" fill="#F8C12A"/>
<path d="M75.085 25.5621C73.9433 25.2322 73.2435 23.729 72.7095 22.8491C72.1754 21.9692 71.3099 20.5393 70.5365 19.4211C68.9696 17.1047 67.1678 14.9547 65.1593 13.0051C63.2388 11.1775 61.0461 9.65635 58.6588 8.49559C57.5129 7.95951 56.3076 7.55957 55.0678 7.30405C53.7638 7.13797 52.488 6.79888 51.2744 6.29582C51.1546 6.22464 51.0527 6.12731 50.9763 6.01118C50.8998 5.89505 50.8509 5.76315 50.8332 5.62545C50.8154 5.48775 50.8293 5.34783 50.8739 5.21626C50.9184 5.0847 50.9924 4.96492 51.0902 4.86597C53.4473 3.03283 57.0751 3.96773 59.6348 4.97596C62.5182 6.17385 65.1485 7.90283 67.3875 10.0721C69.6645 12.1984 71.6574 14.6074 73.3172 17.2397C74.1021 18.4114 74.8036 19.6365 75.4165 20.9059C75.9505 22.0608 76.8528 23.7473 76.1899 25.0122C76.0807 25.1976 75.9138 25.3427 75.7145 25.4253C75.5151 25.508 75.2942 25.5239 75.085 25.4705V25.5621Z" fill="#1D2F4C"/>
<path d="M91.1445 23.489C90.682 21.1176 91.087 18.6597 92.2862 16.5597C93.4225 14.0672 94.8972 11.7418 96.669 9.64875C98.3559 7.61199 100.264 5.76759 102.359 4.14933C103.419 3.29407 104.553 2.53344 105.748 1.87624C106.342 1.57068 106.957 1.30728 107.589 1.08799C108.188 0.923388 108.812 0.867502 109.431 0.923006C109.704 0.923245 109.97 1.00401 110.197 1.1551C110.424 1.30618 110.601 1.52082 110.705 1.77189C110.81 2.02296 110.837 2.29921 110.784 2.56575C110.731 2.83229 110.6 3.07715 110.407 3.26943C110.04 3.67015 109.632 4.03254 109.191 4.35098L107.865 5.17589C106.889 5.83582 105.877 6.44076 104.919 7.13735C102.976 8.65988 101.204 10.3869 99.6338 12.2885C98.1601 14.0934 96.8708 16.04 95.7851 18.0995C94.7539 19.9327 94.2567 21.8575 93.3359 23.8006C92.8755 24.7905 91.4944 24.4239 91.1445 23.5256V23.489Z" fill="#1D2F4C"/>
<path d="M108.092 0.299814C114.924 -2.02827 116.085 9.90547 110.781 11.8486C104.686 14.0667 102.568 2.18795 108.092 0.299814Z" fill="#F8C12A"/>
<path d="M47.9402 0.299814C54.7906 -2.02827 55.9324 9.90547 50.6288 11.8486C44.5519 14.0667 42.4157 2.18795 47.9402 0.299814Z" fill="#F8C12A"/>
<path d="M87.9924 42.6075C87.9888 45.9591 88.9841 49.2365 90.8524 52.0248C92.7207 54.8131 95.378 56.9869 98.4879 58.2712C101.598 59.5555 105.021 59.8925 108.323 59.2395C111.625 58.5865 114.659 56.9729 117.04 54.603C119.42 52.233 121.041 49.2132 121.697 45.9258C122.353 42.6384 122.015 39.2312 120.725 36.1354C119.435 33.0396 117.251 30.3944 114.45 28.5346C111.649 26.6748 108.356 25.684 104.99 25.6876C100.482 25.6876 96.1584 27.4703 92.9708 30.6433C89.7832 33.8164 87.9924 38.1201 87.9924 42.6075Z" fill="white"/>
<path d="M57.2765 43.1941C57.2765 46.6566 58.3079 50.0413 60.2403 52.9202C62.1727 55.7991 64.9193 58.043 68.1328 59.368C71.3463 60.693 74.8824 61.0397 78.2938 60.3642C81.7052 59.6887 84.8388 58.0214 87.2983 55.5731C89.7578 53.1247 91.4327 50.0054 92.1113 46.6095C92.7899 43.2135 92.4416 39.6936 91.1105 36.4947C89.7794 33.2958 87.5254 30.5616 84.6333 28.638C81.7412 26.7144 78.3411 25.6876 74.8629 25.6876C70.1987 25.6876 65.7255 27.5321 62.4274 30.8152C59.1293 34.0983 57.2765 38.5511 57.2765 43.1941Z" fill="white"/>
<path d="M65.917 45.0664C65.917 46.8539 66.4494 48.6011 67.447 50.0873C68.4446 51.5735 69.8625 52.7319 71.5214 53.4159C73.1803 54.0999 75.0057 54.2789 76.7668 53.9302C78.5278 53.5815 80.1455 52.7207 81.4151 51.4568C82.6848 50.1929 83.5495 48.5826 83.8998 46.8295C84.2501 45.0765 84.0703 43.2593 83.3831 41.608C82.696 39.9566 81.5324 38.5452 80.0394 37.5521C78.5464 36.5591 76.7912 36.0291 74.9956 36.0291C72.5878 36.0291 70.2786 36.9812 68.576 38.676C66.8735 40.3709 65.917 42.6696 65.917 45.0664Z" fill="#1D2F4C"/>
<path d="M69.7001 41.4362C69.7001 41.8278 69.8167 42.2105 70.0353 42.5361C70.2538 42.8617 70.5644 43.1155 70.9278 43.2653C71.2912 43.4151 71.6911 43.4544 72.0769 43.378C72.4627 43.3016 72.8171 43.113 73.0952 42.8361C73.3734 42.5593 73.5628 42.2065 73.6395 41.8224C73.7163 41.4384 73.6769 41.0403 73.5264 40.6786C73.3758 40.3168 73.1209 40.0076 72.7938 39.7901C72.4668 39.5725 72.0823 39.4564 71.6889 39.4564C71.1615 39.4564 70.6556 39.665 70.2826 40.0363C69.9096 40.4076 69.7001 40.9111 69.7001 41.4362Z" fill="white"/>
<path d="M94.8545 44.0763C94.8545 45.8645 95.3874 47.6125 96.3858 49.0991C97.3842 50.5857 98.8032 51.744 100.463 52.4275C102.123 53.111 103.949 53.2889 105.711 52.9387C107.473 52.5885 109.09 51.726 110.359 50.4602C111.628 49.1945 112.491 47.5825 112.84 45.8282C113.188 44.0739 113.005 42.2562 112.315 40.6052C111.625 38.9541 110.459 37.5439 108.964 36.5531C107.468 35.5623 105.711 35.0353 103.915 35.039C101.51 35.0438 99.2057 35.9981 97.5071 37.6924C95.8085 39.3867 94.8545 41.6826 94.8545 44.0763Z" fill="#1D2F4C"/>
<path d="M98.6162 40.4445C98.6198 40.8353 98.7396 41.2163 98.9603 41.5394C99.181 41.8626 99.4929 42.1135 99.8566 42.2605C100.22 42.4075 100.62 42.4441 101.004 42.3657C101.389 42.2872 101.741 42.0973 102.018 41.8197C102.294 41.5421 102.482 41.1893 102.557 40.8058C102.632 40.4222 102.592 40.0251 102.441 39.6644C102.29 39.3037 102.035 38.9956 101.708 38.7788C101.381 38.5621 100.998 38.4464 100.605 38.4464C100.342 38.4464 100.082 38.4982 99.8396 38.5988C99.5971 38.6995 99.3771 38.847 99.1922 39.0327C99.0072 39.2185 98.8611 39.439 98.7623 39.6813C98.6634 39.9236 98.6138 40.183 98.6162 40.4445Z" fill="white"/>
<path d="M92.3897 70.729C92.4891 70.7194 92.5851 70.6882 92.671 70.6375C92.757 70.5868 92.8306 70.5179 92.8868 70.4357L96.2016 65.3579C96.2948 65.2108 96.3277 65.0336 96.2934 64.863C96.2591 64.6925 96.1603 64.5415 96.0174 64.4414C95.9438 64.3939 95.8615 64.3615 95.7752 64.346C95.6889 64.3305 95.6004 64.3321 95.5148 64.3509C95.4291 64.3696 95.3481 64.4051 95.2763 64.4552C95.2045 64.5054 95.1435 64.5692 95.0966 64.643L92.2607 69.0242L88.8539 65.5413C88.7937 65.4774 88.7209 65.4266 88.6402 65.3918C88.5594 65.3571 88.4724 65.3391 88.3844 65.3391C88.2964 65.3391 88.2093 65.3571 88.1286 65.3918C88.0478 65.4266 87.9751 65.4774 87.9148 65.5413C87.7943 65.6673 87.7271 65.8347 87.7271 66.0087C87.7271 66.1827 87.7943 66.3501 87.9148 66.4762L91.9108 70.5457C91.9744 70.6064 92.0495 70.6539 92.1317 70.6854C92.2139 70.7168 92.3016 70.7317 92.3897 70.729Z" fill="#1D2F4C"/>
</svg>
